+--------------------------------------------------------------------------------+
| Time | Total Used | Total Free | Total Usable| Used Partitions |Free Partitions|
+--------------------------------------------------------------------------------+
|    0 |         10 |         90 |          90 | 4               | 1 2 3 5 6     |
|   30 |         25 |         75 |          75 | 3 4             | 1 2 5 6       |
|   60 |         50 |         50 |          50 | 2 3 4           | 1 5 6         |
|   90 |         90 |         10 |          10 | 1 2 3 4         | 5 6           |
|  200 |         90 |         10 |          10 | 1 2 3 4         | 5 6           |
|  375 |         90 |         10 |          10 | 1 2 3 4         | 5 6           |
+--------------------------------------------------------------------------------+
