+--------------------------------------------------------------------------------+
| Time | Total Used | Total Free | Total Usable| Used Partitions |Free Partitions|
+--------------------------------------------------------------------------------+
|    0 |         40 |         60 |          60 | 1               | 2 3 4 5 6     |
|    0 |         65 |         35 |          35 | 1 2             | 3 4 5 6       |
|    0 |         80 |         20 |          20 | 1 2 3           | 4 5 6         |
|   10 |         90 |         10 |          10 | 1 2 3 4         | 5 6           |
|   20 |         98 |          2 |           2 | 1 2 3 4 5       | 6             |
|   30 |        100 |          0 |           0 | 1 2 3 4 5 6     |               |
+--------------------------------------------------------------------------------+
