+--------------------------------------------------------------------------------+
| Time | Total Used | Total Free | Total Usable| Used Partitions |Free Partitions|
+--------------------------------------------------------------------------------+
|    0 |          2 |         98 |          98 | 6               | 1 2 3 4 5     |
|    1 |         10 |         90 |          90 | 5 6             | 1 2 3 4       |
|    2 |         20 |         80 |          80 | 4 5 6           | 1 2 3         |
|    3 |         35 |         65 |          65 | 3 4 5 6         | 1 2           |
|    4 |         60 |         40 |          40 | 2 3 4 5 6       | 1             |
|    5 |         60 |         40 |          40 | 2 3 4 5 6       | 1             |
|    6 |        100 |          0 |           0 | 1 2 3 4 5 6     |               |
|   10 |        100 |          0 |           0 | 1 2 3 4 5 6     |               |
+--------------------------------------------------------------------------------+
